0
1
100
102
103
104
105
106
107
108
109
11
110
111
113
114
115
117
118
119
12
121
122
123
124
125
126
128
129
13
130
131
132
133
134
135
138
139
14
140
141
142
143
144
145
146
149
150
151
152
153
154
156
157
159
16
161
164
165
166
167
168
169
17
171
172
173
174
176
177
178
179
180
181
183
184
185
186
187
188
189
19
191
192
193
194
195
196
197
198
199
2
20
200
202
203
204
206
208
209
21
210
213
215
216
217
218
22
220
221
222
223
224
225
226
227
228
23
230
232
235
237
239
24
240
241
242
243
244
245
247
248
249
25
250
252
254
255
256
257
258
259
26
261
262
263
264
265
268
269
27
270
271
272
275
276
277
278
279
280
282
283
284
285
286
288
289
29
290
291
292
293
294
295
296
298
299
3
30
300
301
302
304
305
306
307
309
31
311
312
314
315
316
317
318
319
32
323
324
325
326
327
328
33
330
332
333
334
335
336
337
338
34
340
341
342
343
344
345
346
347
348
349
35
350
351
354
355
356
357
359
36
360
361
362
363
365
366
367
368
369
37
370
371
372
373
375
376
377
378
379
38
380
381
382
384
387
39
390
391
392
393
394
395
396
397
398
399
4
40
400
401
402
403
404
405
406
407
408
41
410
411
412
413
414
415
416
42
44
46
47
48
49
5
50
52
56
57
58
6
61
62
63
64
65
68
72
73
74
75
76
77
78
79
8
80
81
82
85
87
88
89
90
91
92
93
94
95
96
97
98
99
