0
1
100
101
102
103
104
105
106
107
108
109
11
110
111
113
114
115
117
118
12
120
121
123
124
126
127
129
13
131
132
133
134
135
136
138
139
14
140
141
143
144
147
148
150
151
152
153
154
155
156
157
159
16
160
161
162
163
164
165
167
168
169
17
170
172
173
174
175
176
178
179
18
180
181
182
185
186
187
188
189
190
191
192
193
194
195
2
20
200
202
203
204
205
206
208
209
21
210
211
212
214
215
216
217
219
22
220
223
225
226
229
230
231
232
233
234
235
236
237
238
24
240
241
242
243
244
245
247
248
249
250
252
253
254
255
258
259
26
260
261
262
264
265
266
268
269
270
271
272
273
274
276
277
279
280
281
282
283
287
288
29
290
291
292
293
294
295
296
298
30
300
301
303
304
306
307
308
309
31
310
311
312
313
314
315
316
317
319
32
320
321
322
323
324
326
327
328
329
330
331
332
334
335
337
338
34
340
341
342
343
344
345
346
347
348
349
35
353
354
355
356
358
361
362
363
364
365
366
367
368
369
37
370
371
372
373
374
376
377
378
379
38
380
381
382
383
384
385
386
387
388
389
39
390
392
393
394
395
396
398
399
400
401
402
403
404
405
406
408
409
41
410
412
414
415
416
417
418
419
420
421
423
425
426
427
429
43
431
432
434
435
436
437
438
44
440
441
442
443
444
445
446
447
449
45
452
453
454
456
457
458
459
46
461
462
463
464
465
466
467
468
471
474
476
478
48
480
481
483
485
486
488
489
49
490
491
492
494
495
496
497
5
50
501
502
503
504
505
507
508
509
51
510
512
513
514
516
517
518
519
52
520
521
524
525
526
527
528
529
53
530
531
532
533
534
536
537
538
539
54
542
543
544
545
546
547
548
55
550
551
552
553
554
555
557
559
56
561
562
563
564
566
567
568
569
57
570
571
572
575
577
578
579
58
581
582
583
584
587
589
59
590
591
593
594
595
596
597
598
599
6
600
603
604
605
606
607
608
609
610
617
618
619
62
621
623
624
625
626
627
63
64
65
66
67
68
69
70
71
73
74
75
76
77
78
79
8
81
84
86
88
89
9
90
91
92
95
96
97
98
99
